microparams
common
[M(:,end),C(:,end)]

ans =

         0         0
    0.5477    0.5029
    0.8514    0.7554
    1.0266    0.8718
    1.1615    0.9389
    1.2898    0.9881
    1.4233    1.0290
    1.5703    1.0663
    1.7370    1.1020
    1.9313    1.1379
    2.1621    1.1751
    2.4414    1.2146
    2.7862    1.2577
    3.2206    1.3060
    3.7801    1.3618
    4.5178    1.4282
    5.5167    1.5096
    6.9096    1.6124
    8.9188    1.7472
   11.9327    1.9327

macroparams
common
[M(:,end),C(:,end)]

ans =

         0         0
    0.3438    0.2156
    0.5921    0.3194
    0.8403    0.4044
    1.1014    0.4816
    1.3826    0.5551
    1.6889    0.6273
    2.0253    0.6993
    2.3962    0.7722
    2.8067    0.8464
    3.2625    0.9228
    3.7697    1.0020
    4.3350    1.0845
    4.9655    1.1703
    5.6698    1.2600
    6.4574    1.3543
    7.3390    1.4537
    8.3264    1.5587
    9.4329    1.6697
   10.6744    1.7881

diary off
